A3
B4
B6
A5
C3
D4
A5
C3

[A3] A peca no tabuleiro vale: 1
[B4] A peca no tabuleiro vale: 0
2 -1 2 -1 2 -1 2 -1 
-1 2 -1 2 -1 2 -1 2 
2 -1 2 -1 2 -1 2 -1 
-1 0 -1 0 -1 0 -1 0 
0 -1 0 -1 0 -1 1 -1 
-1 1 -1 1 -1 1 -1 0 
1 -1 1 -1 1 -1 1 -1 
-1 1 -1 1 -1 1 -1 1 
[B6] A peca no tabuleiro vale: 2
[A5] A peca no tabuleiro vale: 0
2 -1 2 -1 2 -1 2 -1 
-1 2 -1 2 -1 2 -1 2 
2 -1 2 -1 2 -1 0 -1 
-1 0 -1 0 -1 0 -1 2 
0 -1 0 -1 0 -1 1 -1 
-1 1 -1 1 -1 1 -1 0 
1 -1 1 -1 1 -1 1 -1 
-1 1 -1 1 -1 1 -1 1 
[C3] A peca no tabuleiro vale: 1
[D4] A peca no tabuleiro vale: 0
2 -1 2 -1 2 -1 2 -1 
-1 2 -1 2 -1 2 -1 2 
2 -1 2 -1 2 -1 0 -1 
-1 0 -1 0 -1 0 -1 2 
0 -1 0 -1 1 -1 1 -1 
-1 1 -1 1 -1 0 -1 0 
1 -1 1 -1 1 -1 1 -1 
-1 1 -1 1 -1 1 -1 1 
[A5] A peca no tabuleiro vale: 2
[C3] A peca no tabuleiro vale: 0
2 -1 2 -1 2 -1 2 -1 
-1 2 -1 2 -1 2 -1 2 
2 -1 2 -1 2 -1 0 -1 
-1 0 -1 0 -1 0 -1 0 
0 -1 0 -1 1 -1 0 -1 
-1 1 -1 1 -1 2 -1 0 
1 -1 1 -1 1 -1 1 -1 
-1 1 -1 1 -1 1 -1 1

A3
B4
B6
C5
B4
A5
A7
B6
C3
D4
C5
B4
A5
C3